1 -81.8086 -92.1266
2 -56.8125 -63.7987
3 -135.963 -143.07
4 -85.2753 -72.2012
5 -76.1161 -88.3373
6 -147.221 -149.313
7 -119.091 -115.089
8 -121.622 -123.59
9 -77.3242 -59.8135
10 -97.3616 -101.682
11 -86.9615 -76.2097
12 -44.3572 -32.3195
13 -153.035 -138.281
14 -75.3227 -85.932
15 -127.002 -120.487
16 -86.1448 -101.611
17 -110.599 -104.787
18 -172.76 -155.387
19 -57.4407 -47.069
20 -134.391 -145.821
21 -159.106 -157.43
22 -139.576 -133.359
23 -159.181 -160.54
24 -46.0382 -51.7994
25 -81.2892 -92.938
26 -57.2943 -72.3085
27 -144.205 -140.383
28 -173.282 -159.925
29 -85.4826 -81.4803
30 -134.865 -137.095
31 -89.3681 -79.6374
32 -136.921 -126.966
33 -123.127 -125.76
34 -159.384 -158.572
35 -115.282 -115.606
36 -84.6097 -77.7331
37 -76.1966 -73.831
38 -86.7533 -77.5698
39 -70.8154 -79.7222
40 -75.7371 -86.037
41 -182.935 -163.698
42 -120.705 -111.634
43 -147.875 -132.104
44 -53.3026 -47.7832
45 -154.388 -153.304
46 -143.113 -128.705
47 -79.5368 -70.196
48 -154.265 -143.526
49 -103.745 -106.205
50 -80.197 -80.3749
51 -87.9093 -81.6829
52 -96.158 -98.2871
53 -50.7569 -46.5919
54 -146.107 -143.744
55 -121.379 -138.408
56 -105.248 -118.827
57 -127.263 -114.063
58 -103.815 -111.699
59 -136.343 -143.714
60 -130.37 -118.745
61 -45.3341 -54.1795
62 -93.958 -109.539
63 -140.854 -130.003
64 -121.024 -111.605
65 -55.377 -65.6089
66 -135.155 -137.88
67 -86.7022 -91.7646
68 -75.2318 -78.8028
69 -83.8015 -87.3329
70 -90.3175 -77.5632
71 -125.086 -135.41
72 -116.77 -127.775
73 -103.802 -100.678
74 -154.858 -153.915
75 -153.379 -138.456
76 -142.828 -147.8
77 -65.8696 -72.0274
78 -115.906 -114.98
79 -167.826 -178.113
80 -149.978 -146.365
81 -28.8922 -35.7167
82 -72.3281 -62.2401
83 -113.557 -113.04
84 -168.164 -165.878
85 -109.667 -112.104
86 -120.236 -116.273
87 -53.5537 -52.9958
88 -122.731 -130.635
89 -129.153 -125.452
90 -118.324 -102.032
91 -129.594 -146.812
92 -141.317 -155.087
93 -75.9847 -63.7571
94 -103.491 -110.434
95 -85.6584 -80.8561
96 -149.518 -151.501
97 -121.443 -124.021
98 -137.615 -134.7
99 -164.326 -155.9
100 -121.293 -113.827
101 -194.658 -184.037
102 -107.656 -99.9506
103 -68.0644 -67.8788
104 -131.383 -124.482
105 -113.713 -121.257
106 -88.7619 -103.135
107 -163.978 -157.596
108 -141.976 -144.548
109 -83.6073 -88.6728
110 -185.376 -188.729
111 -66.852 -68.012
112 -84.4591 -91.4424
113 -58.0449 -63.3798
114 -158.095 -145.737
115 -113.203 -121.988
116 -44.6967 -54.4199
117 -108.422 -100.762
118 -126.5 -126.766
119 -44.3652 -51.8061
120 -164.386 -161.562
121 -116.779 -127.987
122 -63.5542 -88.1354
123 -172.68 -164.516
124 -121.09 -107.189
125 -171.317 -173.705
126 -124.418 -131.417
127 -126.012 -123.504
128 -44.6789 -59.8532
129 -189.148 -174.638
130 -99.0386 -105.774
131 -73.7254 -68.1046
132 -44.132 -61.4258
133 -119.348 -138.286
134 -132.514 -124.305
135 -122.468 -117.478
136 -163.324 -170.86
137 -55.3671 -52.2723
138 -131.23 -130.777
139 -77.4162 -77.7601
140 -153.725 -134.841
141 -125.422 -125.869
142 -133.676 -126.254
143 -136.518 -131.551
144 -78.8746 -93.2935
145 -131.528 -118.459
146 -148.722 -156.362
147 -97.8208 -95.499
148 -92.3121 -89.8009
149 -109.738 -117.45
150 -146.024 -149.209
151 -65.8539 -72.4169
152 -63.2076 -73.2194
153 -147.037 -143.276
154 -151.826 -145.55
155 -53.4394 -43.6679
156 -90.76 -82.6863
157 -38.6902 -68.3498
158 -62.1512 -75.4467
159 -118.927 -105.517
160 -154.982 -141.278
161 -121.104 -125.942
162 -122.202 -127.306
163 -85.5851 -91.1821
164 -147.157 -144.564
165 -129.273 -127.164
166 -145.801 -149.349
167 -124.536 -125.38
168 -98.1598 -75.9272
169 -159.878 -156.305
170 -98.8175 -90.3344
171 -121.937 -123.832
172 -35.3189 -65.4813
173 -64.1196 -68.2386
174 -170.441 -166.355
175 -60.1484 -69.9257
176 -156.176 -160.304
177 -66.7526 -71.674
178 -133.295 -138.65
179 -91.9655 -113.136
180 -134.648 -122.906
181 -77.7408 -82.9395
182 -101.63 -91.9792
183 -30.7783 -37.4181
184 -73.381 -65.2806
185 -149.373 -144.314
186 -150.766 -148.036
187 -129.738 -139.708
188 -139.887 -148.405
189 -160.213 -147.284
190 -133.912 -134.189
191 -111.657 -103.812
192 -155.82 -143.399
193 -121.88 -119.852
194 -113.14 -110.268
195 -54.2249 -78.1631
196 -96.7925 -101.362
197 -101.167 -88.1874
198 -135.65 -130.617
199 -86.5932 -97.4801
200 -72.7362 -93.6631
201 -172.681 -156.794
202 -106.624 -87.1624
203 -103.875 -121.716
204 -40.9016 -45.5138
205 -143.985 -135.17
206 -166.322 -170.936
207 -120.061 -93.6002
208 -148.381 -148.194
209 -103.865 -106.475
210 -151.482 -160.425
211 -150.459 -140.038
212 -140.036 -140.764
213 -63.1603 -54.1736
214 -166.443 -168.51
215 -134.66 -125.935
216 -105.711 -101.178
217 -174.367 -163.416
218 -64.8535 -72.0456
219 -137.664 -146.219
220 -58.3946 -56.5833
221 -119.075 -119.914
222 -134.307 -119.474
223 -80.2233 -77.022
224 -74.8433 -74.8762
225 -35.1842 -61.4642
226 -123.423 -112.147
227 -57.1052 -72.3853
228 -120.317 -129.801
229 -58.977 -62.9494
230 -65.7182 -83.5385
231 -116.868 -121.115
232 -57.4642 -61.4825
233 -162.212 -161.064
234 -150.144 -161.516
235 -126.653 -137.226
236 -122.418 -116.184
237 -170.29 -156.821
238 -91.481 -89.1205
239 -52.5531 -45.6088
240 -97.2816 -96.1452
241 -109.818 -122.82
242 -37.0374 -33.7364
243 -100.155 -100.422
244 -166.176 -166.47
245 -155.677 -163.486
246 -117.401 -95.5481
247 -73.9613 -67.8103
248 -141.136 -142.986
249 -84.8121 -97.7115
250 -53.906 -49.8891
251 -80.9954 -62.6602
252 -157.368 -162.993
253 -132.404 -125.891
254 -175.69 -162.836
255 -169.392 -162.559
256 -119.933 -117.994
257 -109.165 -103.295
258 -117.022 -95.243
259 -85.7624 -94.5096
260 -101.78 -114.165
261 -137.176 -143.304
262 -110.207 -99.6273
263 -175.697 -172.645
264 -103.57 -103.512
265 -113.911 -119.718
266 -119.625 -126.003
267 -123.707 -116.384
268 -126.83 -127.662
269 -76.7366 -81.4735
270 -108.525 -122.577
271 -40.5397 -48.5269
272 -69.8343 -78.5758
273 -88.9574 -90.5326
274 -109.367 -123.322
275 -159.978 -163.618
276 -138.932 -129.787
277 -120.174 -134.045
278 -88.3042 -95.9567
279 -130.962 -126.25
280 -52.9774 -48.9315
281 -61.4298 -65.2114
282 -90.2089 -94.9687
283 -107.828 -109.718
284 -76.8702 -79.3788
285 -50.7078 -67.9414
286 -88.3724 -98.7313
287 -174.536 -175.492
288 -81.9928 -91.4394
289 -135.444 -124.358
290 -75.2231 -79.1349
291 -123.798 -141.081
292 -109.768 -106.82
293 -70.6061 -62.8546
294 -119.424 -112.897
295 -68.2976 -57.7156
296 -64.2856 -56.5956
297 -77.5264 -74.0454
298 -86.7126 -72.3106
299 -55.6407 -56.4452
300 -91.8174 -100.685
301 -180.916 -170.483
302 -93.1951 -108.8
303 -114.399 -119.047
304 -69.2356 -79.9295
305 -156.085 -149.573
306 -64.6514 -74.2499
307 -66.3041 -56.0053
308 -115.006 -123.88
309 -54.9822 -57.2386
310 -87.3038 -93.0174
311 -133.599 -121.294
312 -170.32 -160.896
313 -118.867 -124.294
314 -120.899 -112.104
315 -153.748 -158.249
316 -69.5758 -56.6274
317 -77.1182 -85.7108
318 -116.246 -103.847
319 -115.907 -120.619
320 -111.04 -116.588
321 -169.469 -161.883
322 -129.502 -134.998
323 -106.93 -110.001
324 -106.112 -100.317
325 -133.027 -123.673
326 -179.332 -159.369
327 -149.82 -152.718
328 -55.8419 -41.093
329 -124.896 -125.769
330 -67.638 -65.1007
331 -77.9998 -84.8843
332 -46.5356 -44.4627
333 -148.449 -144.152
334 -128.087 -135.264
335 -66.3072 -69.954
336 -105.817 -108.666
337 -93.9242 -98.7532
338 -98.7293 -83.9181
339 -66.8429 -74.2655
340 -118.081 -123.272
341 -155.69 -144.995
342 -62.6751 -60.5507
343 -63.7189 -63.6972
344 -91.4622 -90.3953
345 -158.124 -161.154
346 -113.425 -127.619
347 -119.13 -129.758
348 -125.175 -111.471
349 -109.167 -115.642
350 -43.179 -56.5803
351 -114.646 -118.757
352 -134.555 -145.569
353 -99.1209 -119.244
354 -151.674 -161.36
355 -149.694 -151.413
356 -41.1896 -52.5524
357 -165.003 -165.894
358 -56.3759 -57.0295
359 -106.869 -103.603
360 -46.8414 -62.9865
361 -54.8435 -47.4056
362 -86.3814 -101.626
363 -79.2851 -84.538
364 -117.954 -104.149
365 -95.2409 -99.6102
366 -87.9724 -66.8561
367 -37.8313 -45.2184
368 -85.4078 -95.1134
369 -114.478 -107.971
370 -156.849 -157.04
371 -112.807 -132.195
372 -180.092 -173.756
373 -150.441 -139.528
374 -80.532 -95.6102
375 -131.447 -150.094
376 -81.5589 -81.9618
377 -65.7209 -76.3631
378 -147.638 -160.189
379 -102.945 -95.7853
380 -156.342 -151.015
381 -156.812 -167.968
382 -131.459 -148.072
383 -139.997 -145.863
384 -102.384 -93.8355
385 -56.8745 -77.3509
386 -118.223 -112.999
387 -99.7779 -96.5526
388 -137.747 -140.266
389 -100.491 -116.621
390 -114.3 -122.965
391 -79.173 -83.7398
392 -77.4053 -81.7753
393 -112.643 -112.616
394 -51.4402 -57.7007
395 -191.102 -165.046
396 -72.4883 -70.5244
397 -55.0289 -58.1157
398 -72.3261 -60.8942
399 -112.395 -116.529
400 -115.222 -113.556
401 -94.2005 -111.048
402 -35.7659 -52.023
403 -113.36 -108.281
404 -72.464 -71.7652
405 -134.852 -133.877
406 -113.9 -109.718
407 -88.4514 -90.7401
408 -94.4315 -86.8237
409 -163.89 -152.683
410 -104.824 -110.966
411 -138.799 -144.36
412 -67.307 -59.724
413 -88.3812 -97.634
414 -66.351 -60.0845
415 -102.854 -105.554
416 -150.114 -158.255
417 -113.352 -112.364
418 -64.0645 -68.4201
419 -53.8447 -49.2672
420 -80.5786 -79.4694
421 -64.917 -63.3232
422 -49.9795 -43.3094
423 -166.448 -163.428
424 -128.089 -112.241
425 -94.8871 -90.1318
426 -149.358 -146.661
427 -78.9412 -76.1274
428 -144.068 -142.151
429 -90.5901 -90.0946
430 -157.49 -161.816
431 -127.054 -135.195
432 -146.222 -139.728
433 -176.21 -163.828
434 -105.486 -94.9358
435 -192.332 -186.108
436 -103.094 -99.4055
437 -122.948 -114.61
438 -88.2442 -76.0254
439 -118.573 -113.887
440 -77.6939 -79.4896
441 -115.158 -121.027
442 -112.075 -106.603
443 -146.334 -141.963
444 -165.014 -155.19
445 -84.4884 -84.9834
446 -85.8904 -77.7778
447 -54.3337 -61.0726
448 -75.2449 -58.3257
449 -55.508 -52.634
450 -98.812 -101.638
451 -70.9506 -73.3231
452 -134.521 -161.182
453 -108.332 -112.054
454 -86.0086 -76.6647
455 -144.081 -142.054
456 -75.6743 -58.684
457 -117.214 -116.044
458 -130.869 -122.546
459 -121.014 -129.313
460 -113.714 -107.994
461 -186.045 -183.805
462 -153.595 -147.199
463 -107.07 -124.203
464 -115.305 -112.275
465 -79.49 -98.7751
466 -79.883 -87.6558
467 -90.0753 -95.22
468 -40.1018 -44.5595
469 -105.016 -109.012
470 -112.297 -93.8244
471 -95.7861 -92.7109
472 -135.779 -144.594
473 -167.664 -166.607
474 -139.032 -125.124
475 -117.193 -116.467
476 -116.582 -134.03
477 -61.6617 -74.2681
478 -138.088 -137.515
479 -32.7843 -43.5261
480 -149.515 -145.508
481 -88.9274 -72.5776
482 -165.62 -155.83
483 -148.313 -163.489
484 -76.51 -73.7153
485 -108.688 -106.185
486 -159.481 -156.351
487 -107.057 -125.428
488 -140.928 -156.759
489 -85.0359 -107.55
490 -84.0482 -82.9785
491 -88.4014 -91.2081
492 -88.0103 -73.1184
493 -140.165 -154.102
494 -127.941 -115.516
495 -108.283 -110.485
496 -121.652 -110.665
497 -119.725 -113.971
498 -177.788 -168.49
499 -159.688 -153.582
500 -79.6539 -75.3104
501 -147.449 -141.895
502 -132.584 -140.666
503 -146.5 -134.624
504 -154.871 -156.836
505 -57.9277 -70.4708
506 -82.1768 -76.8768
507 -143.589 -136.638
508 -93.0088 -91.1707
509 -121.83 -133.94
510 -141.767 -143.869
511 -52.2648 -47.8205
512 -149.458 -154.042
513 -90.1097 -80.1282
514 -101.743 -108.462
515 -143.411 -146.476
516 -191.162 -186.554
517 -61.9066 -53.9644
518 -96.86 -88.7969
519 -115.511 -120.982
520 -127.703 -139.785
521 -145.417 -138.487
522 -56.594 -61.8217
523 -93.4667 -73.1839
524 -95.288 -89.5507
525 -135.298 -135.075
526 -98.7515 -89.5482
527 -92.1486 -82.7061
528 -183.549 -175.932
529 -57.305 -60.4542
530 -158.024 -156.142
531 -146.612 -124.222
532 -150.816 -130.003
533 -69.5015 -64.4448
534 -49.9758 -54.8215
535 -158.42 -130.934
536 -147.468 -142.273
537 -138.578 -133.154
538 -58.298 -72.3848
539 -152.682 -148.171
540 -150.892 -154.018
541 -107.331 -109.348
542 -167.779 -145.911
543 -151.912 -158.983
544 -120.581 -122.557
545 -41.6939 -47.7845
546 -74.5628 -113.625
547 -87.2587 -66.6523
548 -74.5984 -92.1758
549 -110.605 -107.338
550 -42.7206 -46.4615
551 -82.1284 -82.3008
552 -53.1019 -49.7484
553 -144.167 -138.556
554 -150.226 -153.556
555 -66.3772 -51.7643
556 -166.533 -173.16
557 -127.35 -122.816
558 -115.61 -103.809
559 -47.6567 -44.2124
560 -84.8921 -98.0141
561 -146.631 -141.069
562 -146.838 -149.573
563 -70.1726 -63.1248
564 -72.889 -80.0222
565 -89.9443 -97.0311
566 -65.4031 -84.0926
567 -79.8947 -78.4198
568 -87.7161 -94.0847
569 -128.691 -129.987
570 -154.873 -167.164
571 -103.492 -96.4827
572 -148.327 -155.363
573 -89.1731 -87.5007
574 -95.9225 -95.8169
575 -69.4717 -70.7719
576 -117.091 -119.579
577 -190.996 -188.418
578 -102.36 -105.06
579 -75.1835 -91.1836
580 -125.364 -134.811
581 -63.1183 -71.8141
582 -146.684 -142.208
583 -117.537 -108.712
584 -100.431 -109.798
585 -96.6308 -105.97
586 -126.977 -140.86
587 -75.3997 -69.4363
588 -149.208 -146.162
589 -109.953 -93.2524
590 -147.213 -142.869
591 -147.338 -156.738
592 -135.893 -131.611
593 -128.833 -134.383
594 -128.041 -125.486
595 -45.3058 -49.5897
596 -153.784 -142.075
597 -80.5951 -81.6095
598 -159.816 -129.039
599 -105.453 -102.953
600 -90.1557 -74.0369
601 -131.545 -142.728
602 -60.2043 -67.9245
603 -152.216 -155.939
604 -90.3408 -105.047
605 -81.8252 -71.8709
606 -94.8344 -112.249
607 -65.6588 -74.5739
608 -83.949 -81.9292
609 -128.953 -139.813
610 -61.0816 -50.6904
611 -167.108 -158.359
612 -42.8965 -37.7895
613 -79.74 -74.8623
614 -167.801 -156.287
615 -66.1533 -78.8179
616 -46.5259 -44.991
617 -94.6884 -98.3141
618 -92.5614 -86.9552
619 -157.401 -139.283
620 -71.3684 -74.7748
621 -175.567 -155.725
622 -177.121 -175.217
623 -118.966 -105.233
624 -130.252 -150.18
625 -88.8443 -97.8538
626 -165.23 -165.865
627 -55.6694 -68.314
628 -131.492 -123.17
629 -128.509 -132.934
630 -104.227 -105.956
631 -110.439 -113.464
632 -111.108 -123.937
633 -39.3268 -47.2933
634 -59.8187 -63.356
635 -156.893 -140.093
636 -146.98 -136.854
637 -168.126 -166.366
638 -156.704 -156.683
639 -173.129 -161.617
640 -105.516 -129.722
641 -86.5607 -101.352
642 -55.6671 -62.1898
643 -152.758 -152.858
644 -132.862 -130.502
645 -87.2382 -77.228
646 -73.4021 -75.0382
647 -166.781 -168.62
648 -109.35 -97.4762
649 -82.5421 -86.5804
650 -102.147 -100.834
651 -118.342 -98.5235
652 -105.684 -97.0211
653 -100.449 -96.2707
654 -31.7525 -51.1872
655 -147.594 -152.362
656 -117.194 -103.907
657 -150.239 -154.564
658 -176.391 -160.189
659 -61.6687 -72.8185
660 -132.225 -127.373
661 -110.534 -109.534
662 -125.004 -138.489
663 -76.2512 -64.2047
664 -154.57 -140.083
665 -132.369 -126.445
666 -79.8224 -90.3295
667 -96.5983 -81.1105
668 -159.352 -130.907
669 -162.17 -156.619
670 -83.2131 -88.96
671 -129.316 -140.634
672 -80.2231 -76.5572
673 -146.662 -142.201
674 -55.0845 -67.2446
675 -172.569 -153.677
676 -75.5928 -72.2719
677 -114.609 -115.699
678 -58.0913 -62.7564
679 -58.9041 -54.383
680 -94.6723 -95.6347
681 -99.1288 -74.6706
682 -155.326 -148.611
683 -55.7866 -60.5113
684 -92.6396 -83.4599
685 -82.5804 -83.4393
686 -38.2616 -43.6221
687 -56.9654 -54.4141
688 -105.905 -107.388
689 -107.108 -97.9085
690 -105.973 -103.876
691 -120.61 -126.101
692 -122.402 -123.772
693 -58.9179 -53.401
694 -119.891 -121.456
695 -174.736 -180.808
696 -137.98 -117.118
697 -137.07 -147.709
698 -95.6044 -92.1123
699 -140.996 -145.038
700 -130.398 -142.119
701 -115.349 -102.126
702 -191.32 -183.131
703 -77.6222 -74.6735
704 -72.5378 -64.6998
705 -141.622 -158.094
706 -146.559 -137.857
707 -73.2406 -67.9591
708 -74.9436 -77.2676
709 -70.204 -58.4491
710 -79.647 -76.248
711 -137.802 -140.644
712 -121.348 -117.633
713 -87.8042 -87.2579
714 -103.832 -98.4895
715 -79.8753 -64.5315
716 -57.3344 -61.7713
717 -107.741 -125.064
718 -146.348 -146.834
719 -152.387 -154.342
720 -43.301 -50.6672
721 -162.691 -149.753
722 -146.066 -162.009
723 -160.926 -161.922
724 -88.5797 -104.789
725 -98.449 -91.4903
726 -65.3971 -83.6979
727 -62.5419 -70.2566
728 -51.0929 -57.7503
729 -81.1019 -83.6317
730 -119.927 -117.147
731 -143.507 -154.639
732 -91.8417 -93.7656
733 -70.2623 -51.2233
734 -176.852 -165.172
735 -177.681 -174.815
736 -119.802 -123.481
737 -174.344 -173.104
738 -98.4801 -110.669
739 -189.951 -169.762
740 -63.7469 -65.3253
741 -106.489 -88.7192
742 -71.4945 -79.3381
743 -60.1228 -60.0364
744 -72.8734 -76.8753
745 -144.462 -135.269
746 -117.371 -130.345
747 -123.139 -132.808
748 -65.3197 -71.2692
749 -128.937 -128.098
750 -123.788 -129.203
751 -116.316 -108.902
752 -112.927 -121.53
753 -70.4695 -86.8104
754 -91.93 -102.286
755 -170.026 -162.376
756 -64.6232 -69.0962
757 -105.476 -93.1877
758 -150.177 -155.536
759 -124.83 -129.184
760 -65.0545 -47.157
761 -92.4437 -80.6672
762 -53.1306 -50.8836
763 -145.962 -142.074
764 -107.524 -95.7444
765 -85.8985 -89.1744
766 -163.673 -165.629
767 -101.331 -99.9124
768 -73.9019 -67.0046
769 -107.719 -117.86
770 -105.972 -122.615
771 -78.4638 -73.4926
772 -70.9749 -65.7737
773 -146.728 -151.287
774 -102.773 -99.5684
775 -100.553 -99.7619
776 -110.671 -117.486
777 -79.8869 -61.0765
778 -50.2384 -63.925
779 -100.189 -100.955
780 -67.1187 -63.7951
781 -59.7947 -59.0577
782 -141.681 -141.436
783 -194.551 -176.415
784 -132.747 -147.353
785 -159.839 -159.673
786 -52.014 -57.5884
787 -149.971 -159.273
788 -84.9203 -74.9768
789 -169.867 -173.643
790 -156.013 -153.41
791 -146.418 -153.868
792 -181.005 -159.611
793 -118.873 -117.815
794 -79.4875 -73.9956
795 -124.608 -127.894
796 -112.222 -116.826
797 -46.1791 -40.2475
798 -138.509 -130.875
799 -170.969 -169.167
800 -77.2376 -68.5443
801 -119.852 -128.71
802 -169.813 -165.539
803 -192.726 -163.149
804 -169.502 -165.208
805 -128.772 -118.093
806 -169.546 -153.338
807 -134.66 -122.722
808 -60.0225 -61.6045
809 -102.506 -115.387
810 -155.038 -157.041
811 -65.4101 -60.3283
812 -104.902 -110.001
813 -152.654 -147.175
814 -71.8007 -65.1613
815 -125.182 -113.564
816 -149.629 -132.351
817 -114.868 -110.843
818 -47.7531 -49.9408
819 -65.0163 -64.0857
820 -105.251 -100.88
821 -166.181 -156.354
822 -96.6475 -101.96
823 -142.707 -129.305
824 -66.6856 -74.8574
825 -94.2917 -84.6174
826 -143.958 -136.626
827 -167.128 -151.547
828 -61.9803 -57.642
829 -77.1056 -87.5135
830 -54.3672 -59.6734
831 -97.4821 -107.437
832 -123.796 -128.891
833 -86.0961 -75.0511
834 -94.091 -90.8315
835 -99.0523 -91.6561
836 -146.59 -159.541
837 -174.449 -162.102
838 -54.665 -63.6753
839 -120.581 -129.794
840 -77.4645 -95.7314
841 -120.918 -116.172
842 -129.091 -136.079
843 -149.936 -171.874
844 -151.779 -145.835
845 -137.597 -122.194
846 -120.088 -101.024
847 -159.84 -165.763
848 -87.9142 -69.5856
849 -113.21 -109.818
850 -82.2558 -87.0145
851 -146.592 -147.517
852 -59.2099 -64.3324
853 -73.3328 -75.8583
854 -126.191 -139.415
855 -73.2623 -64.1827
856 -133.514 -126.076
857 -95.0938 -87.317
858 -48.176 -56.821
859 -35.8669 -45.7353
860 -76.9163 -81.4293
861 -126.729 -138.823
862 -94.0334 -82.5484
863 -153.303 -169.212
864 -105.69 -120.799
865 -88.3327 -96.122
866 -90.5201 -108.778
867 -150.23 -132.72
868 -164.469 -158.212
869 -86.3238 -79.2086
870 -64.7916 -72.9113
871 -165.553 -154.838
872 -170.04 -176.583
873 -138.239 -151.731
874 -89.4213 -96.6796
875 -152.529 -154.745
876 -128.187 -117.934
877 -108.717 -100.59
878 -56.3275 -69.2878
879 -133.945 -140.838
880 -81.092 -80.7096
881 -99.4127 -95.2452
882 -159.006 -138.995
883 -99.5056 -88.6133
884 -47.7975 -67.0933
885 -67.7269 -55.3184
886 -173.058 -174.077
887 -105.714 -115.426
888 -126.162 -113.089
889 -154.722 -156.003
890 -139.581 -148.827
891 -90.3758 -90.4861
892 -94.1694 -122.978
893 -141.362 -125.118
894 -127.785 -137.763
895 -62.8797 -61.7273
896 -152.818 -160.044
897 -115.082 -119.308
898 -83.908 -76.9163
899 -118.819 -120.411
900 -81.6351 -63.2712
901 -68.3968 -74.4639
902 -165.846 -167.448
903 -49.2837 -56.0143
904 -96.2587 -106.507
905 -106.615 -110.414
906 -47.5796 -49.6287
907 -154.85 -146.442
908 -92.5669 -85.3515
909 -86.6911 -98.2464
910 -83.6939 -97.7034
911 -80.9531 -78.7123
912 -49.9249 -50.9563
913 -131.799 -123.192
914 -160.23 -171.241
915 -69.5186 -76.424
916 -107.726 -127.119
917 -146.894 -138.018
918 -137.941 -134.455
919 -91.4528 -94.0273
920 -94.3178 -100.417
921 -74.1877 -72.8352
922 -155.116 -145.62
923 -122.879 -131.979
924 -57.122 -64.8294
925 -100.115 -91.2756
926 -169.939 -182.073
927 -141.345 -152.545
928 -165.782 -166.673
929 -132.053 -132.9
930 -109.255 -114.118
931 -140.436 -131.356
932 -116.008 -116.608
933 -62.7106 -42.2248
934 -103.503 -112.345
935 -158.519 -142.469
936 -56.6088 -71.9852
937 -168.667 -164.244
938 -100.843 -99.4772
939 -183.959 -176.76
940 -64.1748 -61.3544
941 -84.8323 -98.4755
942 -148.649 -123.544
943 -61.535 -74.9657
944 -116.448 -120.227
945 -157.365 -144.975
946 -89.8075 -78.8333
947 -108.863 -125.086
948 -113.925 -104.555
949 -96.369 -85.214
950 -148.554 -159.542
951 -151.037 -153.775
952 -143.135 -133.452
953 -142.852 -144.5
954 -96.2101 -86.7253
955 -141.889 -152.904
956 -117.733 -128.457
957 -128.502 -133.757
958 -167.296 -169.909
959 -74.0971 -91.6403
960 -132.522 -132.799
961 -107.865 -95.4003
962 -85.228 -89.8798
963 -71.1897 -92.2358
964 -183.885 -173.001
965 -162.285 -158.128
966 -133.184 -137.053
967 -136.745 -135.901
968 -137.266 -126.968
969 -153.583 -164.26
970 -97.1387 -119.789
971 -97.9643 -99.7134
972 -56.3502 -48.4967
973 -156.46 -140.719
974 -145.151 -147.157
975 -105.719 -116.06
976 -47.338 -52.6993
977 -152.431 -151.923
978 -74.4402 -68.3696
979 -137.665 -126.92
980 -147.513 -155.873
981 -105.775 -114.415
982 -77.8167 -63.2441
983 -133.333 -148.49
984 -157.542 -162.422
985 -101.286 -115.106
986 -188.431 -174.092
987 -58.4777 -45.6989
988 -114.421 -112.822
989 -141.389 -145.81
990 -119.565 -137.796
991 -48.3946 -56.3887
992 -148.776 -145.918
993 -132.249 -121.752
994 -89.7859 -101.887
995 -75.0399 -65.8204
996 -148.549 -164.132
997 -47.5217 -45.9793
998 -93.032 -108.196
999 -71.5597 -78.6085
1000 -162.404 -160.361
